lastAccountName: PirateStoney02
timestamps:
  login: 1563487005650
  lastteleport: 1563487252409
  logout: 1563487302532
ipAddress: 86.140.210.193
geolocation: United Kingdom
lastlocation:
  world: world
  x: -572.0287410174882
  y: 112.00131226870752
  z: -200.68881170464869
  yaw: 245.54956
  pitch: 19.373228
money: '0.0'
logoutlocation:
  world: survival
  x: -119.18148935434706
  y: 66.0
  z: -314.87872762817494
  yaw: 258.14996
  pitch: 27.000002
