lastAccountName: PirateStoney02
timestamps:
  login: 1564425158616
  lastteleport: 1564429263474
  logout: 1564431719365
ipAddress: 86.175.100.14
geolocation: United Kingdom
lastlocation:
  world: survival
  x: -192.80281970299674
  y: 48.0
  z: -259.818679428633
  yaw: 220.94771
  pitch: 8.129719
money: '0.0'
logoutlocation:
  world: survival
  x: 929.4323008340209
  y: 22.0
  z: 1075.4271363020591
  yaw: -223.66466
  pitch: 8.699923
afk: false
