lastAccountName: nandopatel
timestamps:
  login: 1564420356648
  logout: 1564422617433
  lastteleport: 1564420502122
  kits:
    tools: 1562963977220
ipAddress: 82.27.225.132
lastlocation:
  world: survival
  x: 928.5986444455967
  y: 22.0
  z: 1077.6582126701057
  yaw: 97.23254
  pitch: 17.311567
logoutlocation:
  world: survival
  x: 932.4920089463279
  y: 22.0
  z: 1075.5650585951119
  yaw: -277.0368
  pitch: 14.454983
money: '75.0'
afk: false
geolocation: United Kingdom
homes:
  home:
    world: world
    x: 14661.01242476626
    y: 78.0
    z: 13431.545834071372
    yaw: 94.28329
    pitch: 12.538483
  azubase:
    world: world
    x: 16535.5
    y: 27.0
    z: 13912.5
    yaw: -270.362
    pitch: -4.1535425
  syncbase:
    world: world
    x: 14510.32328003549
    y: 78.0
    z: 15552.197903764254
    yaw: 103.79999
    pitch: 23.954054
nickname: ยง3spookiestevie
