lastAccountName: nandopatel
timestamps:
  login: 1563304954341
  logout: 1563309118752
  lastteleport: 1563309103796
  kits:
    tools: 1562963977220
ipAddress: 82.27.225.132
lastlocation:
  world: survival
  x: 978.0850570175976
  y: 26.0625
  z: 1059.832924688024
  yaw: -224.11578
  pitch: 24.861153
logoutlocation:
  world: world
  x: -500.46251384510396
  y: 69.15498127511636
  z: -530.9611345314814
  yaw: -261.8056
  pitch: 36.27383
money: '0.0'
afk: false
geolocation: United Kingdom
homes:
  home:
    world: world
    x: 14661.01242476626
    y: 78.0
    z: 13431.545834071372
    yaw: 94.28329
    pitch: 12.538483
  azubase:
    world: world
    x: 16535.5
    y: 27.0
    z: 13912.5
    yaw: -270.362
    pitch: -4.1535425
nickname: ยง3spookiestevie
