lastAccountName: nandopatel
timestamps:
  login: 1563417456498
  logout: 1563418179273
  lastteleport: 1563418009249
  kits:
    tools: 1562963977220
ipAddress: 82.27.225.132
lastlocation:
  world: world
  x: 14509.192196792428
  y: 78.0
  z: 15551.083899460597
  yaw: 276.60568
  pitch: 5.032128
logoutlocation:
  world: survival
  x: -267.2012682312891
  y: 32.0
  z: -5.94296018640049
  yaw: 1.7372437
  pitch: 9.610803
money: '75.0'
afk: false
geolocation: United Kingdom
homes:
  home:
    world: world
    x: 14661.01242476626
    y: 78.0
    z: 13431.545834071372
    yaw: 94.28329
    pitch: 12.538483
  azubase:
    world: world
    x: 16535.5
    y: 27.0
    z: 13912.5
    yaw: -270.362
    pitch: -4.1535425
  syncbase:
    world: world
    x: 14510.32328003549
    y: 78.0
    z: 15552.197903764254
    yaw: 103.79999
    pitch: 23.954054
nickname: ยง3spookiestevie
