geolocation: United Kingdom
lastAccountName: mushroombasher
timestamps:
  login: 1563389098627
  lastteleport: 1563381167457
  logout: 1563389149629
ipAddress: 86.173.243.32
lastlocation:
  world: survival
  x: 360.30000001192093
  y: 27.0
  z: -410.910687608566
  yaw: 29.056213
  pitch: 19.650085
money: '0.0'
homes:
  home:
    world: survival
    x: 332.13002723504167
    y: 80.0
    z: -422.60989588330153
    yaw: -23.994293
    pitch: 29.699888
logoutlocation:
  world: survival
  x: 630.6980691877799
  y: 15.0
  z: -450.8992096291605
  yaw: -1.5790294
  pitch: 33.450047
