money: '5760000.0'
lastAccountName: Alfronswig
timestamps:
  login: 1563755062878
  lastteleport: 1563664914338
  logout: 1563755242984
ipAddress: 62.64.215.170
lastlocation:
  world: survival
  x: 985.3000000119209
  y: 11.0
  z: 1011.1124935725176
  yaw: -354.33862
  pitch: 17.137047
logoutlocation:
  world: survival
  x: 953.3000000119209
  y: 33.0
  z: 1081.8578282527626
  yaw: -169.86098
  pitch: 20.099962
afk: false
nickname: Alfronswig
