money: '0.0'
lastAccountName: Alfronswig
timestamps:
  login: 1563325220305
  lastteleport: 1563312615153
  logout: 1563327244990
ipAddress: 62.64.215.170
lastlocation:
  world: survival
  x: -135.99835712380755
  y: 76.33494267794326
  z: -229.01802542611193
  yaw: 296.85034
  pitch: 25.050007
logoutlocation:
  world: world
  x: -570.5446320646513
  y: 60.71560823231375
  z: -544.0283410282854
  yaw: 279.91064
  pitch: 20.399973
afk: false
nickname: Alfronswig
