lastAccountName: XCL
timestamps:
  login: 1563385094282
  lastteleport: 1563386292548
  logout: 1563386300140
ipAddress: 82.47.167.211
geolocation: United Kingdom
lastlocation:
  world: survival
  x: 287.6890352697874
  y: 60.78908643068086
  z: -426.9202210864938
  yaw: 111.872284
  pitch: 5.0560775
money: '0.0'
homes:
  home:
    world: survival
    x: 331.30000001192093
    y: 80.0
    z: -420.07011718046886
    yaw: -194.04993
    pitch: 18.587378
logoutlocation:
  world: survival
  x: 331.5
  y: 80.0
  z: -420.5
  yaw: -118.109764
  pitch: 12.516281
