lastAccountName: mijanto
timestamps:
  login: 1563361746582
  lastteleport: 1562938453559
  logout: 1563361939329
ipAddress: 78.98.196.248
geolocation: Slovakia
lastlocation:
  world: survival
  x: -121.37028891121693
  y: 61.0
  z: -238.5848844823703
  yaw: 269.46594
  pitch: -30.144066
money: '0.0'
logoutlocation:
  world: world
  x: -186.17101559585888
  y: 101.0
  z: -226.4943396082399
  yaw: -277.17242
  pitch: 15.900158
