geolocation: United Kingdom
lastAccountName: Zedphox
timestamps:
  login: 1564428535374
  lastteleport: 1564430006170
  logout: 1564431660674
ipAddress: 86.181.208.129
lastlocation:
  world: survival
  x: 926.6999999880791
  y: 23.275125
  z: 1077.699999988079
  yaw: -18.993256
  pitch: 33.340687
money: '0.0'
logoutlocation:
  world: survival
  x: 959.4723060352356
  y: 33.0
  z: 1075.300000011921
  yaw: 182.48315
  pitch: 16.13617
