geolocation: Belgium
lastAccountName: Dead_Kingz
timestamps:
  login: 1562599194016
  logout: 1562599197267
ipAddress: 84.196.190.75
logoutlocation:
  world: survival
  x: -220.30000001192093
  y: 49.0
  z: -226.69999998807907
  yaw: 149.92047
  pitch: -2.2074018
