geolocation: United States
lastAccountName: Synchro99
timestamps:
  login: 1563199877802
  logout: 1563199713389
  lastteleport: 1563201725815
ipAddress: 174.148.107.197
logoutlocation:
  world: world
  x: -574.781381577463
  y: 69.0
  z: -121.174050956522
  yaw: -95.37384
  pitch: -90.0
lastlocation:
  world: survival
  x: -267.1810475436549
  y: 31.0
  z: 1.3000000119209312
  yaw: -176.10138
  pitch: 28.05006
money: '1169351.00'
homes:
  home:
    world: survival
    x: -266.8091858857218
    y: 72.0
    z: -14.311032373495081
    yaw: 53.84967
    pitch: 46.65002
nickname: God
