lastAccountName: BTS_JlMlN
timestamps:
  login: 1563440758567
  logout: 1563440866974
ipAddress: 108.45.179.61
geolocation: United States
logoutlocation:
  world: survival
  x: -102.204242223991
  y: 70.0
  z: -209.61502337026002
  yaw: -89.852844
  pitch: 15.793334
