lastAccountName: GeertWilders073
timestamps:
  login: 1563221650659
  logout: 1563221662276
ipAddress: 84.82.202.191
geolocation: Netherlands
lastlocation:
  world: world
  x: -502.5
  y: 83.0
  z: -215.5
  yaw: 89.73289
  pitch: 0.32322073
money: '2.5'
logoutlocation:
  world: survival
  x: -271.8926391833837
  y: 63.0
  z: -270.9834941962615
  yaw: 151.02914
  pitch: -0.00557834
