lastAccountName: ninjaharg
timestamps:
  login: 1563988894402
  logout: 1563989259601
  lastteleport: 1563759244937
ipAddress: 104.159.179.53
geolocation: United States
lastlocation:
  world: world_nether
  x: -201.11530638797285
  y: 51.41999998688698
  z: -61.8738567774061
  yaw: 119.39916
  pitch: -90.0
money: '0.0'
logoutlocation:
  world: world
  x: -501.30000001192093
  y: 87.0
  z: -255.46120744981138
  yaw: -167.16199
  pitch: 17.399582
