lastAccountName: Naxtinguisher
timestamps:
  login: 1563298466071
  logout: 1563298618528
ipAddress: 86.0.130.63
geolocation: United Kingdom
lastlocation:
  world: survival
  x: -248.08613026987052
  y: 30.0
  z: 35.56464546080537
  yaw: 124.499
  pitch: 22.20005
money: '0.0'
logoutlocation:
  world: survival
  x: -1012.1381070282674
  y: 70.99024578541015
  z: -160.5621679109709
  yaw: 126.76063
  pitch: 18.899975
