lastAccountName: Naxtinguisher
timestamps:
  login: 1563730782049
  logout: 1563730782676
  lastteleport: 1563385207498
ipAddress: 86.0.130.63
geolocation: United Kingdom
lastlocation:
  world: Lobby-World
  x: 0.4661253974971116
  y: 51.0
  z: 0.4938547201840333
  yaw: -8.622028
  pitch: 29.264069
money: '1180.0'
logoutlocation:
  world: survival
  x: -325.69433299275033
  y: 66.0
  z: 28.183859935535114
  yaw: 73.804306
  pitch: 27.149986
