spawns: 
  default: 
    world: Lobby-World
    x: 0.4661253974971116
    y: 51.0
    z: 0.4938547201840333
    yaw: 0.22797276
    pitch: -0.88594043
