world: world
x: -502.5
y: 83.0
z: -215.5
yaw: 89.73289
pitch: 0.32322073
name: creative
lastowner: 4cd1c40c-ec0d-4883-aa97-0ab4ad295706
