world: survival
x: -150.48053761080834
y: 64.0
z: -227.49448525194913
yaw: 1.4975785
pitch: 2.279748
name: factions
lastowner: 4cd1c40c-ec0d-4883-aa97-0ab4ad295706
