world: Lobby-World
x: 0.5
y: 51.0
z: 0.5
yaw: 0.22797276
pitch: -0.88594043
name: spawn
lastowner: 4cd1c40c-ec0d-4883-aa97-0ab4ad295706
