world: world
x: 15416.658193308573
y: 105.0
z: 12996.495354540722
yaw: -267.98706
pitch: 37.869747
name: village
lastowner: 4cd1c40c-ec0d-4883-aa97-0ab4ad295706
